Loading graphs based on real data...
Goal: use degree sequence to analyse graphs.
****
Roads / intersections:

Graph with 9 vertices and 22 edges.
Degree sequence: [1, 5, 1, 3, 2, 3, 3, 2, 2].
Adjacency list (size 9+22 integers):
	0: 1, 
	1: 2, 3, 6, 7, 0, 
	2: 1, 
	3: 4, 6, 1, 
	4: 5, 3, 
	5: 4, 7, 8, 
	6: 8, 1, 3, 
	7: 5, 1, 
	8: 5, 6, 
Observe all degrees are <= 12.
****

****
Flight data:

Graph with 432 vertices and 2180 edges.
Degree sequence: [1, 161, 3, 20, 1, 2, 5, 138, 162, 72, 88, 1, 3, 2, 7, 2, 1, 2, 1, 1, 1, 1, 2, 1, 2, 4, 49, 141, 110, 2, 3, 2, 4, 3, 13, 1, 2, 2, 1, 1, 2, 2, 10, 21, 8, 21, 1, 2, 2, 1, 9, 9, 1, 1, 2, 3, 2, 1, 18, 1, 1, 4, 12, 2, 2, 4, 1, 1, 3, 2, 1, 1, 17, 1, 1, 5, 1, 3, 2, 1, 15, 2, 1, 6, 5, 18, 4, 1, 2, 17, 5, 8, 10, 3, 5, 9, 1, 1, 1, 3, 1, 1, 1, 2, 1, 1, 2, 1, 0, 1, 3, 4, 2, 7, 2, 2, 3, 1, 1, 1, 4, 1, 5, 1, 2, 2, 2, 1, 1, 5, 7, 5, 6, 11, 2, 1, 2, 1, 6, 5, 7, 11, 7, 16, 5, 9, 9, 6, 9, 1, 5, 4, 7, 6, 8, 4, 13, 1, 2, 1, 1, 1, 16, 1, 6, 1, 1, 1, 1, 1, 1, 1, 5, 1, 2, 1, 1, 1, 1, 2, 2, 1, 1, 1, 4, 7, 1, 2, 3, 2, 4, 1, 2, 1, 1, 2, 1, 1, 1, 1, 15, 4, 4, 1, 1, 1, 3, 1, 2, 4, 3, 2, 2, 4, 7, 2, 2, 1, 3, 3, 1, 1, 5, 7, 4, 3, 13, 6, 2, 2, 8, 2, 5, 1, 6, 2, 3, 1, 3, 1, 7, 7, 3, 2, 1, 2, 4, 6, 5, 5, 5, 4, 5, 4, 5, 1, 2, 8, 2, 2, 5, 7, 2, 2, 2, 1, 1, 6, 2, 2, 1, 1, 2, 2, 1, 1, 2, 3, 1, 5, 3, 4, 4, 1, 6, 1, 6, 6, 3, 2, 3, 1, 3, 2, 1, 2, 3, 4, 8, 1, 1, 2, 3, 3, 4, 0, 5, 3, 4, 1, 4, 5, 1, 1, 4, 3, 1, 1, 1, 2, 1, 1, 3, 1, 1, 1, 2, 1, 4, 1, 2, 1, 1, 3, 1, 1, 3, 2, 2, 1, 1, 1, 2, 2, 1, 1, 2, 3, 1, 2, 2, 2, 1, 2, 2, 2, 1, 1, 1, 1, 1, 0, 1, 2, 2, 2, 2, 1, 2, 1, 1, 1, 1, 1, 1, 1, 2, 2, 1, 1, 4, 1, 1, 1, 1, 1, 1, 1, 1, 1, 1, 1, 1, 1, 1, 6, 1, 1, 1, 1, 2, 3, 3, 1, 2, 1, 3, 1, 1, 1, 0, 2, 1, 1, 2, 1, 1, 1, 1, 1, 1, 0, 1, 1, 1, 1, 1, 1, 1, 1, 0, 1].

Observe most degrees are small (1-30), eight are over 100.
****
Testing distance-two methods on sample graphs...
Goal: implement method using two approaches.